4294967279,104
4243767288,0
4243767289,0
4243767287,0
4243767283,0
4243767284,0
4243767290,0
4243767286,0
4243767282,0
4243767285,0
4243767281,0
4294967279,108
4294967279,107
4294967279,106
4294967279,105
18,4
4294967278,179
18,3
18,2
18,1
4294967278,178
17,5
4294967278,176
17,4
17,3
17,2
17,1
4294967279,404
4294967278,175
4243767281,3
4243767281,2
4294967279,114
4294967279,113
4294967279,112
4294967279,111
4294967279,110
4294967279,109
4243767282,3
4243767282,2
4243767283,3
4243767283,2
4243767284,3
4243767284,2
4243767285,3
4243767285,2
4294967278,172
4294967278,171
16,4
16,3
16,2
16,1
4294967279,403
4294967278,336
4294967279,402
4294967278,335
4294967278,334
4243767286,3
4243767286,2
4294967279,119
4294967279,118
4294967279,117
4294967279,116
4294967279,115
4294967278,162
15,4
15,3
15,2
15,1
4294967278,10
4294967278,9
4294967278,8
4294967278,7
4294967278,6
4294967278,5
4294967278,4
4294967279,132
4294967279,131
4294967279,130
4294967279,129
4294967279,128
4294967279,127
4294967279,126
4294967279,125
4294967279,124
4294967279,123
4294967279,122
4294967279,121
4294967279,120
4294967279,401
4294967278,333
4294967278,332
4294967278,141
4294967278,140
4294967278,331
4294967279,400
4294967278,139
4294967278,330
4294967279,137
4294967278,136
4294967279,136
14,7
4294967278,135
14,6
4294967279,135
14,5
4294967278,36
4294967278,35
4294967278,34
4294967278,33
4294967278,32
4294967278,31
4294967278,30
4294967278,29
4294967278,28
4294967278,27
4294967278,26
4294967278,25
4294967278,24
4294967278,23
4294967278,22
4294967278,21
4294967278,20
4294967278,17
4294967278,283
4294967278,16
4294967278,15
4294967278,14
4294967278,13
4294967278,12
4294967278,11
4294967278,134
14,4
4294967279,133
14,2
14,1
4294967279,25
4294967279,24
4294967279,23
4294967279,22
4294967279,17
4294967279,15
4294967279,13
4294967279,11
4294967278,273
4294967279,399
4294967279,21
4294967278,133
4294967279,20
4294967278,19
4294967279,398
4294967279,19
4294967278,329
4294967278,18
4294967279,397
4294967279,272
4294967294,409
4294967294,395
4294967294,399
4294967294,398
4294967294,406
4294967294,415
4294967294,599
4294967294,249
4294967294,167
4294967294,164
4294967294,116
4294967294,112
4294967294,457
4294967294,400
4294967279,271
4294967279,396
4294967279,270
4294967278,328
4294967279,288
4294967279,287
4294967279,264
4294967279,267
4294967279,266
4294967279,265
4294967279,395
4294967278,327
4294967279,394
4294967278,326
4294967279,261
4294967279,259
4294967278,325
4294967279,258
4294967279,281
4294967278,324
4294967278,323
4294967279,393
4294967278,322
4294967278,321
4294967278,320
4294967279,392
4294967278,319
4294967278,318
12,5
4294967279,391
12,4
4294967278,317
12,3
12,2
12,1
4294967278,255
4294967279,390
4294967279,389
4294967278,254
4294967278,253
4294967278,252
4294967278,251
4294967278,250
4294967278,248
4294967278,246
4294967278,244
4294967278,243
4294967294,262
4294967294,176
4294967294,218
4294967294,387
4294967278,241
4294967278,239
4294967279,388
4294967278,235
4294967278,233
4294967278,231
4294967278,229
4294967294,19
4294967278,226
4294967294,439
4294967278,223
9,0
4294967278,221
4294967278,220
8,0
4294967278,217
4243767287,3
4243767287,2
4294967294,12
4294967294,61
4294967294,426
4294967279,387
4294967294,220
4294967294,29
4294967294,389
4294967294,40
4294967294,37
4294967278,316
4294967279,386
4294967294,76
4294967294,39
4294967294,42
4294967294,43
4294967278,315
4294967279,385
4294967278,209
4294967294,44
4294967294,393
4294967294,52
4294967294,51
4294967294,87
4294967294,85
4294967294,84
4294967294,267
4294967294,82
4294967278,208
4294967278,314
4294967279,384
4294967294,89
4294967278,207
4294967278,313
4294967279,319
4294967278,204
4294967278,200
9,8
4294967278,203
9,7
9,6
4294967278,202
9,5
9,4
4294967278,201
9,3
9,2
9,1
4294967278,312
4294967294,88
4294967279,318
4294967294,91
4294967278,311
4294967279,317
4294967278,310
4294967279,316
4294967278,196
4294967278,195
4294967278,309
4294967279,315
4294967278,194
4294967278,308
4294967279,314
4294967278,191
4294967278,188
8,6
4294967278,190
8,5
8,4
4294967278,189
8,3
8,2
8,1
4294967278,307
4294967294,474
4294967278,187
4294967278,306
4294967279,313
4294967279,312
4294967278,186
4294967294,120
4294967278,184
4294967278,305
4294967279,311
4294967279,310
4294967278,183
4294967278,180
4294967294,252
4294967279,309
4294967278,304
4294967278,303
4294967294,203
4294967278,302
4294967278,0
4294967294,5
4294967294,1424
4294967294,1423
4294967294,1422
4294967294,473
4294967278,177
4294967294,250
4294967294,178
4294967294,385
4294967294,407
4294967294,421
4294967294,411
4294967294,403
